47956840
47954074
47949793
47949376
47946847
47945955
47945828
47944106
47944044
47941987
47938666
47936034
47934718
47934521
47934349
47872500
47922796
47730322
47778627
47783938
47804215
47858442
47756892
47721796
47932680
47913089
47731535
47859347
47766479
47864411
47862115
47803684
47716947
47757527
47887755
47899665
47756943
47865778
47862557
47775750
47792924
47876071
47914928
47733510
47777233
47805167
47732960
47850688
47743339
47932720
47791750
47729938
47880377
47755853
47716201
47764864
47866461
47850907
47917834
47892766
47757085
47931266
47932372
47808016
47916180
47847848
47750827
47738922
47757351
47828144
47853007
47891655
47878307
47791344
47826926
47922406
47861659
47826103
47933913
47766493
47839798
47849681
47747093
47735418
47772986
47847743
47842551
47784163
47849521
47808041
47920991
47805078
47923457
47721469
47718639
47874981
47807269
47742490
47873966
47799791
47766149
47781289
47752687
47750975
47793322
47829018
47814937
47764383
47848510
47820485
47878624
47825112
47718819
47780622
47920008
47876116
47787491
47896163
47780234
47779762
47774393
47873004
47893644
47852111
47868032
47771448
47773437
47835411
47791628
47764735
47859244
47778156
47925469
47779308
47740777
47765454
47837161
47805647
47873593
47767392
47857376
47853228
47733597
47921283
47863906
47774359
47813346
47819271
47914821
47740358
47796109
47823575
47759116
47829518
47792341
47868925
47829395
47826529
47791449
47751824
47801309
47931937
47866438
47794678
47739883
47805834
47724793
47769214
47901503
47761449
47901737
47723010
47770400
47717687
47737288
47772806
47784814
47850715
47813403
47881677
47870432
47830779
47875182
47923916
47790607
47922781
47850337
47873473
47920219
47794057
47798958
47859759
47889317
47763748
47733479
47926128
47760032
47920028
47870690
47895093
47720349
47730540
47732461
47901865
47812341
47906759
47719667
47800548
47872628
47917600
47865594
47745144
47722850
47765420
47764277
47765226
47953540
47953428
47952323
47950902
47950752
47946616
47939767
47939096
47939056
47938679
47937449
47936445
47934425
47889777
47855927
47819452
47716007
47849132
47770547
47927996
47753093
47838836
47738013
47778203
47859540
47747795
47913519
47844391
47916958
47781923
47813990
47871810
47876804
47929386
47765331
47791775
47718612
47731250
47825276
47747311
47859608
47903426
47755064
47791769
47770704
47882601
47772268
47797721
47781933
47716617
47876489
47860738
47806490
47720333
47901892
47925427
47866997
47848659
47888312
47786116
47873807
47920007
47869016
47838023
47774659
47807518
47734804
47748973
47745300
47772707
47780474
47729477
47920844
47776380
47808473
47927407
47778646
47736568
47828968
47921222
47729925
47795941
47872083
47801347
47781682
47805219
47857777
47850446
47817565
47915285
47904369
47751985
47750470
47766773
47834580
47784900
47789231
47738461
47739049
47794003
47764685
47829127
47750779
47866218
47858379
47827621
47739860
47878137
47855826
47837829
47827033
47892168
47926567
47899407
47800094
47805289
47767797
47839426
47929978
47891569
47872996
47770792
47829271
47849472
47806413
47802211
47776939
47753560
47796840
47778255
47898568
47783061
47861189
47905913
47875222
47736696
47787580
47926998
47757131
47899395
47752590
47741064
47906764
47822571
47845592
47764292
47832544
47734433
47839191
47845748
47865127
47867503
47782894
47724749
47722023
47778306
47838469
47923695
47826104
47759858
47864509
47808554
47886780
47852011
47729558
47920666
47719774
47762958
