47910582
47876201
47853344
47883866
47847635
47750788
47762645
47802008
47779869
47917165
47880544
47882150
47742334
47808205
47934261
47736457
47811161
47845425
47836526
47785142
47913349
47831741
47777851
47803313
47868841
47833747
47919039
47902197
47765044
47874544
47837112
47902350
47731910
47912544
47864797
47764679
47925714
47790556
47779508
47846707
47837630
47719787
47851652
47730124
47834193
47952537
47950357
47947759
47943335
47935973
47849760
47914075
47873687
47751175
47917182
47903619
47926608
47738947
47755004
47902018
47736853
47757207
47903690
47780614
47847918
47874427
47734253
47848062
47833529
47716122
47803487
47841215
47884446
47926983
47860382
47762250
47918896
47757839
47888551
47739572
47815638
47898596
47830872
47796141
47850358
47792231
47764468
47848208
47930996
47909874
47720860
47765679
47821449
47931565
47823461
47838447
47953213
47949733
47949424
47949402
47934341
47903506
47846681
47811916
47899375
47822923
47948638
47910263
47886539
47864502
47827928
47846827
47868949
47784249
47788715
47780619
47769320
47765314
47752728
47851969
47821856
47889807
47866879
47757532
47774623
47926267
47773761
47851871
47865609
47778210
47914277
47830586
47884680
47883493
47862565
47865620
47764992
47815869
47851408
47780219
47778079
47756603
47742601
47911416
47742010
47717056
47867316
47836003
47907286
47822270
47886949
47903518
47835369
47781155
47852156
47775772
47922187
47837677
47726751
47870831
47767943
47812131
47849115
47931214
47861872
47927983
47778128
47766516
47823312
47862938
47822589
47932896
47892994
47835430
47739077
47796818
47725133
47788076
47919712
47767328
47908512
47779554
47865550
