47951671
47950061
47948947
47948459
47948451
47948278
47937036
47934926
47776525
47778880
47924664
47826053
47867093
47899893
47903419
47931461
47733222
47853117
47880757
47895455
47791087
47750329
47720247
47859904
47834081
47931930
47931973
47738525
47870009
47791210
47775496
47833685
47836963
47772023
47721255
47875374
47822667
47905272
47719485
47862625
47716578
47744392
47795391
47794703
47904167
47764624
47850720
47718797
47883138
47847276
47794477
47778619
47825886
47813386
47908209
47767606
47927000
47797745
47891338
47767314
47758643
47797156
47889911
47902426
47750301
47926120
47775964
47777920
47772526
47852418
47752197
47911193
47843905
47903922
47806464
47778123
47778713
47770198
47721851
47766624
47756198
47740641
47876757
47743678
47920824
47928468
47850854
47787943
47835765
47847287
47784428
47781747
47930504
47755831
47718907
47790924
47886517
47833554
47721186
47950379
47948852
47948780
47948396
47948154
47944584
47937507
47937329
47936864
47935836
47935773
47935328
47934410
47767833
47767201
47822058
47821401
47807226
47865412
47922138
47777957
47734674
47852912
47850272
47772081
47774843
47865161
47909040
47828072
47774508
47861908
47730828
47889550
47785712
47915576
47867771
47819334
47762300
47739823
47794883
47913044
47826799
47741581
47845865
47762951
47751458
47870566
47841778
47827802
47732317
47848108
47903695
47721997
47754678
47730914
47862642
47740516
47899277
47764358
47866032
47812511
47809432
47778673
47932662
47814857
47720484
47848913
47923250
47810895
47791875
47834617
47846710
47762943
47831770
47719024
47815858
47833870
47834068
47850756
47876556
47861254
47871631
47857991
47764872
47748630
47877287
47817944
47829288
47888416
47861253
47832108
47744757
47890391
47863900
47855284
47915274
47933952
47747095
47930849
47883898
47783400
47933335
47737159
47807152
47719243
47910999
47756207
47788610
47929845
47851872
47920239
47787081
47755116
47734872
47905818
47861471
47742370
47717565
47878242
47770129
47900066
47921626
47904413
47728849
47911013
47851622
47891145
47749285
47867157
47818694
47853618
47763160
47738577
47765329
47944684
47763843
47847558
47841686
47739592
47805014
47805671
47931503
47851638
47717901
47931161
47795251
47754924
47954627
47953676
47952957
47949494
47947347
47946655
47946318
47946178
47945831
47945349
47943252
47942430
47936777
47936757
47936303
47935451
47934927
47934815
47934460
47934400
47769539
47888759
47865207
47846540
47774464
47825459
47762953
47846515
47793166
47754922
47765139
47765674
47716808
47863112
47827698
47809992
47792173
47724511
47911419
47860393
47809345
47889110
47925249
47730020
47766132
47849181
47742200
47901270
47930274
47774344
47877054
47849872
47763731
47837377
47917519
47899651
47752643
47863555
47818983
47765161
47823670
47899803
47881081
47920293
47803513
47790270
47720874
47791743
47866086
47868840
47924747
47833268
47719269
47840084
47876724
47868046
47804947
47718396
47925287
47878836
47801925
47816065
47719512
47853551
47726541
47901940
47751727
47833405
47756569
47908912
47741084
47869662
47721603
47871088
47904755
47860664
47717962
47805227
47832539
47778368
47924831
47902856
47750946
47780713
47749747
47768193
47796266
47761684
47800340
47790580
47878096
47893331
47934040
47908751
47917521
47742359
47901830
47914369
47874670
47764719
47922678
47876102
47832250
47731307
47754296
47794046
47920026
47764750
47785120
47849166
47833379
47821744
47875861
47816514
47797648
47902479
47871709
47784889
47871345
47921004
47835532
47902793
47765292
47924388
47823460
47766955
47784570
47835009
47801769
47920257
47910391
47720755
47834347
47842342
47891447
47779599
47757667
47911132
47764751
47752223
47847129
47912475
47730522
47821597
47933216
47777931
47919040
47861565
47722752
