47914075
47778880
48060815
47924664
47826053
47948459
47864502
47934926
47899893
47827928
47903419
47733222
48019173
47973253
47868949
47788715
47926608
47971393
47895455
47791087
47949424
47769320
47834081
47889807
47931930
47773761
47931973
48055702
47870009
47775496
47902018
47865609
47914277
47830586
47875374
48020672
47948278
48013697
47960057
48021272
47951671
47744392
47865620
47794703
47764992
47904167
47756603
48056125
47847276
48036001
47778619
47961656
48013725
47742010
47891338
47767314
48035984
48061128
47764872
47797156
47902426
47852156
47750301
48057413
47918896
48046570
47777920
47837677
48051478
47965524
48071546
47726751
47752197
47870831
47903922
47959143
47849115
47947759
47778123
47984116
48024373
47927983
47815638
48053204
47943335
47770198
47850358
47721851
47792231
47972510
48051331
47989158
47822589
47892994
47835430
48018488
47756198
47972999
47740641
47743678
47920824
47967534
47996134
48037724
47850854
47787943
47835765
47847287
47976862
47720860
47781747
47755831
48020754
47779554
48005014
47886517
48008277
48002451
47776525
48028931
47767833
48037841
47821401
48037171
48026588
47865412
47873687
47922138
47777957
48015655
47867093
47852912
47937507
47774843
47865161
48046909
48035871
48052275
47935328
47828072
47861908
47976338
47853117
47730828
47889550
47979009
47915576
47867771
47880757
48022228
48038713
47750329
47948451
47819334
48060243
47794883
47752728
47913044
47826799
48046314
48028775
47738525
48048755
47791210
47751458
48022692
47948947
47870566
47833685
48024886
47841778
47772023
47827802
47732317
47822667
48054129
47848108
48000323
47721997
47754678
47983011
47905272
47991611
47862642
47740516
47884680
47764358
47719485
47866032
48005847
47716578
47809432
47795391
47953213
47778673
47780219
47814857
47720484
47848913
47764624
47850720
47718797
47883138
47810895
47834617
47825886
47813386
48060938
47762943
47767606
47993650
47831770
47927000
47965075
47815858
48039223
47797745
48015321
48007439
47833870
47834068
47984764
48040483
48064642
48005748
47861254
47871631
47857991
47822270
47748630
47937329
48004361
47877287
47903518
47817944
47758643
47884446
47829288
47889911
47861253
47781155
48050060
48007874
47744757
48062033
47926120
47863900
48017578
47950061
47775964
48070469
47948852
47915274
47747095
47852418
47911193
47883898
47767943
47783400
47806464
48004035
48023602
47966991
48019179
47719243
47967058
48003454
47766516
48022529
47823312
47993261
47862938
47788610
47962401
47993989
47996308
47944584
47851872
48069649
48069350
48064082
47930996
47734872
47996426
47905818
47861471
47739077
47876757
47717565
48052140
47973644
47878242
48047638
47900066
47935773
47921626
47904413
47766955
47788076
47911013
47851622
47891145
47985575
47749285
48048103
47818694
48041840
47738577
47784428
47930504
47765679
47763843
47847558
47841686
47739592
47790924
47933216
47805014
47805671
47833554
47851638
47950379
47717901
47795251
47865207
47846540
47774464
47825459
47767201
47822058
47807226
48030480
48021798
47846515
47765674
48035799
47716808
47734674
47724511
47860393
47850272
47772081
48062633
48023626
47889110
47909040
47925249
47730020
47931461
47996509
47766132
48021756
47849181
48052319
47742200
47901270
47935451
47987708
47930274
47785712
47991926
47774344
47877054
47849872
47763731
47970178
47762300
47739823
47984675
47978823
47916180
48046874
47859904
47752643
47863555
47818983
48069001
48072988
47934927
47845865
47762951
47765161
47823670
47899803
47920293
47803513
47836963
48050313
47721255
47720874
47791743
47937036
48061752
47942430
47866086
47903695
47868840
47967680
48011116
47730914
47719269
47840084
47943252
47899277
47862625
47812511
47995206
47932662
47868046
47718396
47925287
47996325
47878836
48027476
48043273
47981396
47816065
47719512
47981599
48022637
47853551
48046854
47726541
47901940
47934400
48015222
48051291
47742601
47756569
47908912
47741084
48020446
47846710
47869662
47721603
48024721
47719024
47871088
47948396
47946318
47904755
47860664
47717962
48049534
47850756
47876556
47805227
47832539
47924831
47974151
47902856
47888416
48048460
47749747
47832108
48053531
48057908
47800340
47890391
48013044
47934410
47893331
47948154
47934040
47933952
47772526
47908751
48026342
47917521
47843905
47742359
48006556
47930849
47949494
47960908
47933335
47737159
47874670
47764719
48066026
48008836
47976835
47996907
47945831
47876102
47829518
47936757
48063056
47910999
47754296
47794046
47756207
47920026
47778713
47984534
47954627
48052063
47785120
47961954
47984300
47849166
47766624
47920239
47787081
47833379
47875861
47816514
47797648
47902479
48045744
47967537
47871709
47796818
47936777
47871345
47921004
47946655
47770129
47934815
47935836
47902793
48053637
48043002
47823460
47784570
47835009
47801769
47920257
48024127
47910391
47720755
47867157
47842342
47891447
47853618
47763160
47779599
47757667
47944684
47911132
47764751
48002616
47752223
47946178
47847129
48023807
47912475
47730522
47996094
48025954
48005547
47718907
47964690
47821597
47945349
47936864
48051554
47919040
47861565
47722752
47721186
