47910582
47853344
47883866
48035817
47762645
47917165
47967458
47880544
47830872
48011395
47876201
47836526
47913349
47777851
47903619
47988515
47964060
47833747
47765044
47874544
47750788
47980027
47802008
48003587
47847635
47934261
48036342
47902350
47764679
47790556
47779508
47999690
47837630
47882150
47730124
47996636
47849760
47811161
47785142
48049041
47755004
48069590
47994233
47919039
48044555
48026866
47778210
47903690
47780614
47847918
47874427
47734253
47848062
48021473
47716122
47926983
48012986
47860382
47762250
47757839
47731910
47912544
47888551
47739572
47925714
47898596
48061874
47846707
47932896
47742334
47909874
47719787
47950357
47808205
47821449
47838447
48038779
47736457
47903506
47846681
47811916
47899375
47934341
47822923
47948638
47845425
47910263
47886539
47960951
47751175
47846827
47917182
47831741
48056267
47784249
48028631
47803313
47780619
47738947
47765314
47851969
47821856
48061195
47866879
47757532
47774623
47902197
47851871
47736853
48027794
47757207
47883493
47984856
47862565
47815869
47851408
48023601
47911416
48048586
47833529
48069945
47717056
47867316
47836003
47907286
47886949
47803487
47841215
47835369
47779869
47775772
47922187
47812131
47864797
47861872
47952537
47778128
47796141
48018413
47976245
47764468
47848208
48068659
48021059
47725133
47949402
47919712
47767328
47908512
47851652
48063757
48054313
47931565
47949733
47823461
47935973
47834193
47914075
47778880
48060815
47924664
47826053
47948459
47864502
47934926
47899893
47827928
47903419
47733222
48019173
47973253
47868949
47788715
47926608
47971393
47895455
47791087
47949424
47769320
47834081
47889807
47931930
47773761
47931973
48055702
47870009
47775496
47902018
47865609
47914277
47830586
47875374
48020672
47948278
48013697
47960057
48021272
47951671
47744392
47865620
47794703
47764992
47904167
47756603
48056125
47847276
48036001
47778619
47961656
48013725
47742010
47891338
47767314
48035984
48061128
47764872
47797156
47902426
47852156
47750301
48057413
47918896
48046570
47777920
47837677
48051478
47965524
48071546
47726751
47752197
47870831
47903922
47959143
47849115
47947759
47778123
47984116
48024373
47927983
47815638
48053204
47943335
47770198
47850358
47721851
47792231
47972510
48051331
47989158
47822589
47892994
47835430
48018488
47756198
47972999
47740641
47743678
47920824
47967534
47996134
48037724
47850854
47787943
47835765
47847287
47976862
47720860
47781747
47755831
48020754
47779554
48005014
47886517
48008277
