48072243
48068896
48068696
48067612
48067343
48065983
48065381
47769539
47986319
47872500
47922796
47730322
47778627
48052476
47989464
48010204
47783938
48064765
47804215
47858442
47756892
47721796
47932680
47913089
47731535
47859347
47766479
47864411
48037283
47862115
47803684
47716947
47757527
47968964
48071986
48033724
47754924
47756943
47865778
47862557
47775750
47934349
47792924
47876071
47914928
47733510
47984653
47777233
47805167
47732960
47850688
47962629
48024366
47743339
47932720
47791750
47729938
47880377
48014939
47755853
47716201
47764864
47866461
47850907
47917834
47989026
47892766
47931266
48053703
47932372
47808016
47720247
47847848
47750827
47936034
48008329
47738922
47961985
47997507
47757351
47987944
47946847
47828144
47853007
47891655
47878307
47791344
47826926
47971806
47922406
47861659
47826103
47933913
47996062
47839798
48060678
47849681
47747093
47735418
48012618
47772986
47847743
47996208
47842551
47784163
47938666
47849521
47808041
47920991
47805078
47923457
47998856
47956840
48021163
47721469
47934718
47962828
47718639
47934521
47874981
48038257
47807269
47742490
47975663
47873966
47799791
47766149
47990708
48022377
47781289
48064176
47752687
48020249
48056811
47949793
47750975
47793322
48012600
47949376
47829018
47814937
47968440
47764383
47848510
47820485
47878624
48053166
47945828
47825112
47970245
47718819
48034633
47780622
47920008
48024967
47876116
47787491
47896163
47780234
47779762
47774393
47980955
47778368
48032269
47873004
47893644
47852111
48036182
47983485
48052737
47868032
47962698
47771448
48015871
47773437
48024102
47835411
48022998
48050135
47791628
47965960
47780713
47764735
47859244
47778156
47960034
47925469
47779308
47740777
47765454
47837161
47805647
47873593
48052027
48044096
47978340
47878096
47767392
48009463
47981910
47857376
47944044
47853228
47985210
47733597
47921283
47863906
47774359
47944106
47813346
48006535
47819271
47914821
47740358
47796109
47823575
47759116
47968112
47984720
48042872
47832250
47792341
47868925
47829395
47826529
47791449
47751824
47801309
48035599
47931937
47866438
47945955
48012653
47794678
47739883
47805834
47724793
47769214
48039552
48051626
48049576
47901503
47761449
47984752
47901737
47723010
47954074
48034931
47770400
47717687
48037383
47984614
47737288
47772806
47784814
48013271
48045897
47974235
47850715
47813403
47881677
47870432
47830779
47875182
47923916
47790607
47922781
47850337
47873473
47920219
47794057
47941987
47798958
47859759
48049846
47889317
47763748
47733479
47926128
48035569
47962091
48049024
47760032
47920028
48016429
48035484
47960112
48059844
47870690
48014644
47895093
47720349
47730540
47732461
47901865
47812341
47906759
47719667
47800548
47872628
47917600
47865594
47745144
47996281
47972188
47722850
47765420
48057646
47931503
47764277
47996331
47765226
48071638
48070526
48069669
48065297
48057039
48020779
47889777
47855927
48021443
47819452
48009005
47950752
48037640
48047660
48041926
47953428
47938679
47716007
47849132
47770547
47927996
47753093
47838836
47738013
47778203
47859540
47964268
47747795
47952323
47913519
47961520
47844391
47916958
47781923
47813990
47871810
47963271
47876804
47977944
47962008
48037182
47765331
48059942
47791775
47718612
48042048
47731250
47825276
47747311
47937449
47757085
47859608
47903426
48044888
47990395
48062402
48007175
47755064
47791769
47770704
47882601
47772268
47797721
47781933
48023950
48020023
47716617
47876489
47860738
47953540
48038654
47946616
48036178
48050947
48015639
47806490
47720333
47901892
47766493
47925427
47866997
47966686
48042248
47848659
47888312
47786116
48000030
47873807
47973031
47869016
47838023
47998570
48046156
47774659
47807518
47734804
48065203
47972881
47975472
47748973
47745300
47772707
47780474
47729477
48021305
47920844
47776380
47984734
48046649
47950902
47808473
47927407
47977704
47778646
48055658
47736568
48054219
47828968
47921222
47729925
48046739
47990528
47795941
47872083
47801347
47781682
47996975
47805219
48031132
47857777
47850446
47817565
48023315
47915285
47904369
47751985
47750470
47766773
47834580
48002513
47939767
47784900
47999114
47789231
47977065
48035625
47738461
47739049
47794003
47764685
47829127
47750779
48042110
47866218
47858379
47827621
48026464
47739860
47939056
47878137
47855826
47837829
47827033
48021665
47892168
47926567
48019909
47899407
47800094
47805289
47767797
48053563
47839426
47929978
47891569
47872996
47770792
47829271
48064191
48053140
47849472
47806413
48036330
47987097
47802211
47776939
47753560
48026828
47971744
47997592
48059012
47963825
47796840
47778255
48057104
47898568
47783061
47861189
47905913
47973559
47875222
48064929
47939096
48021057
47736696
47959984
48002696
47787580
47926998
47996270
48022192
48047420
47757131
47899395
47752590
47741064
47906764
47765292
47822571
47962774
47968715
47764292
47832544
47734433
47839191
47990080
47993369
47845748
47865127
47867503
47782894
47724749
47934425
47722023
47778306
47838469
47923695
48011707
48010063
47826104
47759858
47960061
47864509
47808554
47886780
48021891
48062561
47973443
47936445
47852011
48038271
48011362
47729558
48043236
47920666
47719774
47762958
48037152
